n=10 h = 0.2 h = 0.4 h = 0.6 h = 0.8
1936 1025 841* 818*
1042 615* 615* 615*
1586 917 793* 793*
2139 1230 815* 803
1187 630 521* 521*
1521 908* 755* 755*
2170 1374* 1101 1083*
1720 1020 610* 540*
1574 876* 582* 554*
1869 1136 710 671*
n=20 h = 0.2 h = 0.4 h = 0.6 h = 0.8
4431 3066 2986 2986
8567 4897 3260 2980
6331 3883 3600 3600
9478 5122 3336 3040
4340 2571 2206 2206
6766 3601 3016 3016
11101 6357 4175 3900
4203 2151 1638 1638
3530 2097 1992 1992
5545 3192 2116 1995
n=50 h = 0.2 h = 0.4 h = 0.6 h = 0.8
42363 24868 17990 17990
33637 19279 14231 14132
37641 21353 16497 16497
30166 17495 14105 14105
32604 18441 14650 14650
36920 21497 14251 14075
44277 23883 17715 17715
46065 25402 21367 21367
36397 21929 14298 13952
35797 20048 14377 14377
n=100 h = 0.2 h = 0.4 h = 0.6 h = 0.8
156103 89588 72019 72019
132605 74854 59351 59351
137463 85363 68537 68537
137265 87730 69231 69231
136761 76424 55291 55277
151938 86724 62519 62519
141613 79854 62213 62213
168086 95361 80844 80844
125153 73605 58771 58771
124446 72399 61419 61419
n=200 h = 0.2 h = 0.4 h = 0.6 h = 0.8
526666 301449 254268 254268
566643 335714 266028 266028
529919 308278 254647 254647
603709 360852 297269 297269
547953 322268 260455 260455
502276 292453 236160 236160
479651 279576 247555 247555
530896 288746 225572 225572
575353 331107 255029 255029
572866 332808 269236 269236
n=500 h = 0.2 h = 0.4 h = 0.6 h = 0.8
3113088 1839902 1581233 1581233
3569058 2064998 1715332 1715322
3300744 1909304 1644947 1644947
3408867 1930829 1640942 1640942
3377547 1881221 1468325 1468325
3024082 1658411 1413345 1413345
3381166 1971176 1634912 1634912
3376678 1924191 1542090 1542090
3617807 2065647 1684055 1684055
3315019 1928579 1520515 1520515
n=1000 h = 0.2 h = 0.4 h = 0.6 h = 0.8
15190371 8570154 6411581 6411581
13356727 7592040 6112598 6112598
12919259 7313736 5985538 5985538
12705290 7300217 6096729 6096729
13276868 7738367 6348242 6348242
12236080 7144491 6082142 6082142
14160773 8426024 6575879 6575879
13314723 7508507 6069658 6069658
12433821 7299271 6188416 6188416
13395234 7617658 6147295 6147295